1726
0 0 0 7
0 16 0 23
0 48 0 55
0 128 0 135
0 136 0 143
0 144 0 151
0 160 0 167
0 168 0 175
0 208 0 215
0 224 0 231
0 240 0 247
1 40 1 47
1 56 1 63
1 152 1 159
1 176 1 183
2 16 2 23
2 24 2 31
2 40 2 47
2 80 2 87
2 96 2 103
2 104 2 111
2 112 2 119
2 136 2 143
2 208 2 215
3 16 3 23
3 24 3 31
3 48 3 55
3 56 3 63
3 80 3 87
3 96 3 103
3 112 3 119
3 232 3 239
4 64 4 71
4 144 4 151
4 192 4 199
4 216 4 223
5 40 5 47
5 64 5 71
5 88 5 95
5 112 5 119
5 128 5 135
5 144 5 151
5 152 5 159
5 192 5 199
5 200 5 207
6 16 6 23
6 56 6 63
6 152 6 159
7 48 7 55
7 136 7 143
7 144 7 151
7 152 7 159
7 160 7 167
7 184 7 191
7 208 7 215
7 216 7 223
7 232 7 239
8 0 8 7
8 48 8 55
8 96 8 103
8 112 8 119
8 120 8 127
8 128 8 135
8 176 8 183
8 192 8 199
9 16 9 23
9 24 9 31
9 48 9 55
9 80 9 87
9 88 9 95
9 104 9 111
9 112 9 119
9 128 9 135
9 136 9 143
9 160 9 167
9 176 9 183
9 192 9 199
9 208 9 215
9 232 9 239
10 0 10 7
10 8 10 15
10 16 10 23
10 48 10 55
10 64 10 71
10 80 10 87
10 160 10 167
10 184 10 191
10 200 10 207
10 224 10 231
10 232 10 239
10 240 10 247
11 8 11 15
11 72 11 79
11 80 11 87
11 112 11 119
11 176 11 183
11 192 11 199
11 224 11 231
11 240 11 247
12 0 12 7
12 8 12 15
12 16 12 23
12 72 12 79
12 128 12 135
12 136 12 143
12 152 12 159
12 168 12 175
12 184 12 191
12 200 12 207
12 232 12 239
13 0 13 7
13 16 13 23
13 24 13 31
13 56 13 63
13 64 13 71
13 80 13 87
13 96 13 103
13 128 13 135
13 152 13 159
13 176 13 183
13 232 13 239
14 16 14 23
14 24 14 31
14 32 14 39
14 40 14 47
14 48 14 55
14 72 14 79
14 88 14 95
14 112 14 119
14 120 14 127
14 128 14 135
14 184 14 191
14 224 14 231
15 8 15 15
15 32 15 39
15 56 15 63
15 80 15 87
15 96 15 103
15 104 15 111
15 128 15 135
15 144 15 151
15 160 15 167
15 176 15 183
15 208 15 215
15 216 15 223
16 8 16 15
16 16 16 23
16 64 16 71
16 88 16 95
16 104 16 111
16 112 16 119
16 136 16 143
16 152 16 159
16 160 16 167
16 192 16 199
17 8 17 15
17 40 17 47
17 48 17 55
17 72 17 79
17 128 17 135
17 136 17 143
17 152 17 159
17 160 17 167
17 168 17 175
17 176 17 183
18 8 18 15
18 40 18 47
18 48 18 55
18 56 18 63
18 96 18 103
18 112 18 119
18 128 18 135
18 168 18 175
18 184 18 191
18 216 18 223
18 240 18 247
19 16 19 23
19 24 19 31
19 64 19 71
19 72 19 79
19 88 19 95
19 120 19 127
19 128 19 135
19 136 19 143
19 152 19 159
19 168 19 175
19 184 19 191
19 200 19 207
20 24 20 31
20 32 20 39
20 80 20 87
20 104 20 111
20 232 20 239
21 16 21 23
21 32 21 39
21 40 21 47
21 64 21 71
21 88 21 95
21 120 21 127
21 136 21 143
21 168 21 175
21 224 21 231
22 8 22 15
22 16 22 23
22 24 22 31
22 32 22 39
22 40 22 47
22 48 22 55
22 112 22 119
22 120 22 127
22 128 22 135
22 136 22 143
22 144 22 151
22 208 22 215
22 216 22 223
22 224 22 231
22 232 22 239
23 24 23 31
23 40 23 47
23 104 23 111
23 144 23 151
23 160 23 167
23 184 23 191
23 192 23 199
23 200 23 207
23 208 23 215
23 216 23 223
23 240 23 247
24 40 24 47
24 64 24 71
24 88 24 95
24 96 24 103
24 128 24 135
24 184 24 191
24 192 24 199
24 240 24 247
25 0 25 7
25 40 25 47
25 96 25 103
25 104 25 111
25 160 25 167
25 168 25 175
25 184 25 191
25 224 25 231
26 0 26 7
26 8 26 15
26 64 26 71
26 72 26 79
26 152 26 159
26 160 26 167
26 192 26 199
27 8 27 15
27 80 27 87
27 112 27 119
27 128 27 135
27 208 27 215
28 0 28 7
28 8 28 15
28 24 28 31
28 32 28 39
28 56 28 63
28 152 28 159
28 168 28 175
28 208 28 215
28 232 28 239
29 16 29 23
29 40 29 47
29 64 29 71
29 80 29 87
29 96 29 103
29 128 29 135
29 144 29 151
29 216 29 223
30 0 30 7
30 8 30 15
30 56 30 63
30 64 30 71
30 80 30 87
30 88 30 95
30 96 30 103
30 144 30 151
30 168 30 175
30 192 30 199
30 216 30 223
31 0 31 7
31 8 31 15
31 56 31 63
31 144 31 151
31 168 31 175
31 208 31 215
31 216 31 223
31 224 31 231
31 232 31 239
32 0 32 7
32 24 32 31
32 32 32 39
32 48 32 55
32 56 32 63
32 168 32 175
32 224 32 231
33 72 33 79
33 168 33 175
33 176 33 183
33 224 33 231
33 232 33 239
34 72 34 79
34 112 34 119
34 120 34 127
34 136 34 143
34 184 34 191
34 192 34 199
34 232 34 239
35 24 35 31
35 40 35 47
35 88 35 95
35 112 35 119
35 144 35 151
35 152 35 159
35 160 35 167
35 192 35 199
35 208 35 215
35 224 35 231
35 240 35 247
36 0 36 7
36 16 36 23
36 24 36 31
36 56 36 63
36 120 36 127
36 128 36 135
36 144 36 151
36 152 36 159
36 160 36 167
36 176 36 183
36 232 36 239
36 240 36 247
37 32 37 39
37 80 37 87
37 144 37 151
37 200 37 207
37 208 37 215
38 32 38 39
38 40 38 47
38 64 38 71
38 88 38 95
38 96 38 103
38 160 38 167
38 184 38 191
38 216 38 223
38 240 38 247
39 16 39 23
39 40 39 47
39 80 39 87
39 88 39 95
39 112 39 119
39 120 39 127
39 136 39 143
39 160 39 167
39 216 39 223
40 8 40 15
40 16 40 23
40 144 40 151
40 200 40 207
40 216 40 223
40 224 40 231
40 240 40 247
41 32 41 39
41 40 41 47
41 56 41 63
41 72 41 79
41 88 41 95
41 120 41 127
41 176 41 183
41 184 41 191
41 224 41 231
42 24 42 31
42 48 42 55
42 104 42 111
42 128 42 135
42 184 42 191
42 224 42 231
43 40 43 47
43 48 43 55
43 56 43 63
43 104 43 111
43 128 43 135
43 144 43 151
43 160 43 167
43 200 43 207
43 240 43 247
44 16 44 23
44 56 44 63
44 96 44 103
44 104 44 111
44 112 44 119
44 152 44 159
44 184 44 191
44 192 44 199
44 200 44 207
44 208 44 215
45 24 45 31
45 32 45 39
45 40 45 47
45 48 45 55
45 104 45 111
45 152 45 159
45 168 45 175
45 192 45 199
45 200 45 207
45 224 45 231
46 32 46 39
46 64 46 71
46 136 46 143
46 168 46 175
46 184 46 191
46 224 46 231
47 0 47 7
47 8 47 15
47 16 47 23
47 40 47 47
47 64 47 71
47 72 47 79
47 88 47 95
47 112 47 119
47 120 47 127
47 160 47 167
47 168 47 175
47 184 47 191
47 216 47 223
47 224 47 231
48 72 48 79
48 88 48 95
48 104 48 111
48 120 48 127
48 144 48 151
48 152 48 159
48 192 48 199
48 200 48 207
48 216 48 223
48 224 48 231
49 0 49 7
49 72 49 79
49 88 49 95
49 96 49 103
49 120 49 127
49 144 49 151
49 168 49 175
49 176 49 183
49 192 49 199
49 232 49 239
49 240 49 247
50 32 50 39
50 40 50 47
50 64 50 71
50 72 50 79
50 120 50 127
50 136 50 143
50 152 50 159
50 160 50 167
50 176 50 183
50 184 50 191
50 200 50 207
50 232 50 239
51 0 51 7
51 16 51 23
51 24 51 31
51 48 51 55
51 88 51 95
51 128 51 135
51 136 51 143
51 200 51 207
51 208 51 215
51 216 51 223
52 80 52 87
52 88 52 95
52 104 52 111
52 160 52 167
52 200 52 207
52 208 52 215
53 56 53 63
53 64 53 71
53 72 53 79
53 80 53 87
53 88 53 95
53 112 53 119
53 120 53 127
53 128 53 135
53 192 53 199
54 32 54 39
54 40 54 47
54 48 54 55
54 72 54 79
54 88 54 95
54 128 54 135
54 144 54 151
54 208 54 215
55 88 55 95
55 128 55 135
55 152 55 159
55 160 55 167
55 168 55 175
55 192 55 199
55 240 55 247
56 0 56 7
56 16 56 23
56 80 56 87
56 88 56 95
56 112 56 119
56 144 56 151
56 160 56 167
56 184 56 191
56 216 56 223
56 224 56 231
56 240 56 247
57 24 57 31
57 32 57 39
57 56 57 63
57 80 57 87
57 112 57 119
57 168 57 175
57 176 57 183
57 184 57 191
58 32 58 39
58 40 58 47
58 56 58 63
58 64 58 71
58 96 58 103
58 152 58 159
58 168 58 175
58 200 58 207
58 216 58 223
58 224 58 231
59 0 59 7
59 8 59 15
59 48 59 55
59 56 59 63
59 88 59 95
59 240 59 247
60 16 60 23
60 72 60 79
60 104 60 111
60 208 60 215
60 232 60 239
60 240 60 247
61 96 61 103
61 144 61 151
61 168 61 175
61 184 61 191
61 192 61 199
61 200 61 207
61 208 61 215
62 32 62 39
62 48 62 55
62 104 62 111
62 136 62 143
62 144 62 151
62 152 62 159
62 176 62 183
62 184 62 191
62 208 62 215
62 224 62 231
63 24 63 31
63 48 63 55
63 88 63 95
63 104 63 111
63 120 63 127
63 160 63 167
63 192 63 199
63 224 63 231
63 232 63 239
64 16 64 23
64 40 64 47
64 96 64 103
64 176 64 183
64 192 64 199
64 200 64 207
64 216 64 223
65 8 65 15
65 40 65 47
65 80 65 87
65 96 65 103
65 152 65 159
65 160 65 167
65 168 65 175
65 184 65 191
65 200 65 207
65 224 65 231
65 240 65 247
66 16 66 23
66 32 66 39
66 96 66 103
66 128 66 135
66 152 66 159
66 160 66 167
66 184 66 191
66 208 66 215
66 216 66 223
67 16 67 23
67 32 67 39
67 40 67 47
67 80 67 87
67 112 67 119
67 128 67 135
67 200 67 207
67 208 67 215
67 216 67 223
67 232 67 239
68 8 68 15
68 24 68 31
68 104 68 111
68 168 68 175
68 184 68 191
68 192 68 199
68 200 68 207
69 8 69 15
69 24 69 31
69 48 69 55
69 80 69 87
69 120 69 127
69 136 69 143
69 144 69 151
69 152 69 159
69 160 69 167
69 168 69 175
69 184 69 191
69 192 69 199
69 200 69 207
69 208 69 215
69 240 69 247
70 0 70 7
70 8 70 15
70 64 70 71
70 88 70 95
70 112 70 119
70 208 70 215
71 40 71 47
71 48 71 55
71 88 71 95
71 136 71 143
71 144 71 151
71 184 71 191
71 224 71 231
72 8 72 15
72 16 72 23
72 48 72 55
72 64 72 71
72 104 72 111
72 200 72 207
73 8 73 15
73 32 73 39
73 56 73 63
73 104 73 111
73 120 73 127
73 176 73 183
73 192 73 199
73 200 73 207
73 208 73 215
73 216 73 223
74 8 74 15
74 16 74 23
74 40 74 47
74 72 74 79
74 176 74 183
74 200 74 207
74 208 74 215
74 232 74 239
75 8 75 15
75 32 75 39
75 48 75 55
75 80 75 87
75 112 75 119
75 128 75 135
75 136 75 143
75 176 75 183
75 192 75 199
75 200 75 207
75 232 75 239
76 96 76 103
76 104 76 111
76 136 76 143
76 144 76 151
76 160 76 167
76 192 76 199
76 208 76 215
76 224 76 231
77 32 77 39
77 48 77 55
77 64 77 71
77 160 77 167
78 0 78 7
78 16 78 23
78 56 78 63
78 80 78 87
78 88 78 95
78 104 78 111
78 160 78 167
78 168 78 175
78 176 78 183
78 184 78 191
79 32 79 39
79 48 79 55
79 64 79 71
79 112 79 119
79 128 79 135
79 136 79 143
79 208 79 215
79 216 79 223
79 224 79 231
80 48 80 55
80 72 80 79
80 88 80 95
80 104 80 111
80 136 80 143
80 168 80 175
80 240 80 247
81 0 81 7
81 8 81 15
81 16 81 23
81 24 81 31
81 64 81 71
81 80 81 87
81 136 81 143
81 184 81 191
81 224 81 231
81 240 81 247
82 0 82 7
82 24 82 31
82 48 82 55
82 192 82 199
83 0 83 7
83 8 83 15
83 56 83 63
83 64 83 71
83 80 83 87
83 96 83 103
83 112 83 119
83 120 83 127
83 152 83 159
83 240 83 247
84 40 84 47
84 48 84 55
84 72 84 79
84 96 84 103
84 144 84 151
84 152 84 159
84 240 84 247
85 16 85 23
85 64 85 71
85 144 85 151
85 152 85 159
85 176 85 183
85 184 85 191
85 200 85 207
85 216 85 223
85 224 85 231
85 232 85 239
85 240 85 247
86 0 86 7
86 8 86 15
86 48 86 55
86 56 86 63
86 120 86 127
86 136 86 143
86 208 86 215
87 24 87 31
87 40 87 47
87 56 87 63
87 64 87 71
87 88 87 95
87 128 87 135
87 152 87 159
87 160 87 167
87 168 87 175
87 176 87 183
87 232 87 239
87 240 87 247
88 96 88 103
88 120 88 127
88 144 88 151
88 152 88 159
88 184 88 191
88 224 88 231
88 232 88 239
89 88 89 95
89 104 89 111
89 120 89 127
90 32 90 39
90 72 90 79
90 104 90 111
90 112 90 119
90 120 90 127
90 152 90 159
90 168 90 175
90 184 90 191
90 200 90 207
91 0 91 7
91 8 91 15
91 32 91 39
91 56 91 63
91 64 91 71
91 72 91 79
91 104 91 111
91 120 91 127
91 240 91 247
92 16 92 23
92 40 92 47
92 80 92 87
92 168 92 175
92 176 92 183
92 192 92 199
92 208 92 215
93 16 93 23
93 32 93 39
93 56 93 63
93 64 93 71
93 88 93 95
93 112 93 119
93 144 93 151
93 160 93 167
93 168 93 175
93 176 93 183
93 192 93 199
93 200 93 207
93 216 93 223
93 232 93 239
94 0 94 7
94 8 94 15
94 16 94 23
94 40 94 47
94 80 94 87
94 88 94 95
94 136 94 143
94 144 94 151
94 152 94 159
94 176 94 183
94 184 94 191
94 208 94 215
94 224 94 231
94 240 94 247
95 16 95 23
95 24 95 31
95 40 95 47
95 64 95 71
95 104 95 111
95 232 95 239
95 240 95 247
96 16 96 23
96 72 96 79
96 88 96 95
96 96 96 103
96 104 96 111
96 128 96 135
96 176 96 183
96 200 96 207
97 24 97 31
97 40 97 47
97 48 97 55
97 128 97 135
97 144 97 151
97 168 97 175
97 176 97 183
97 184 97 191
97 192 97 199
97 200 97 207
98 8 98 15
98 32 98 39
98 56 98 63
98 104 98 111
98 144 98 151
98 152 98 159
98 224 98 231
99 16 99 23
99 32 99 39
99 64 99 71
99 144 99 151
99 152 99 159
99 160 99 167
99 200 99 207
100 0 100 7
100 24 100 31
100 48 100 55
100 56 100 63
100 168 100 175
100 184 100 191
100 192 100 199
100 224 100 231
100 232 100 239
100 240 100 247
101 56 101 63
101 136 101 143
102 8 102 15
102 72 102 79
102 120 102 127
102 136 102 143
102 160 102 167
102 240 102 247
103 32 103 39
103 40 103 47
103 72 103 79
103 80 103 87
103 160 103 167
103 216 103 223
104 16 104 23
104 48 104 55
104 72 104 79
104 80 104 87
104 192 104 199
104 200 104 207
104 232 104 239
105 16 105 23
105 32 105 39
105 128 105 135
105 144 105 151
105 176 105 183
105 232 105 239
106 0 106 7
106 80 106 87
106 104 106 111
106 120 106 127
106 176 106 183
106 240 106 247
107 72 107 79
107 88 107 95
107 104 107 111
107 112 107 119
107 120 107 127
107 128 107 135
107 224 107 231
107 240 107 247
108 40 108 47
108 56 108 63
108 104 108 111
108 144 108 151
108 176 108 183
108 192 108 199
108 208 108 215
108 216 108 223
108 224 108 231
108 240 108 247
109 0 109 7
109 16 109 23
109 24 109 31
109 32 109 39
109 56 109 63
109 96 109 103
109 104 109 111
109 144 109 151
109 152 109 159
109 232 109 239
110 0 110 7
110 16 110 23
110 24 110 31
110 40 110 47
110 112 110 119
110 160 110 167
110 200 110 207
110 240 110 247
111 64 111 71
111 96 111 103
111 104 111 111
111 136 111 143
111 144 111 151
111 176 111 183
111 184 111 191
111 192 111 199
111 200 111 207
111 224 111 231
112 40 112 47
112 128 112 135
112 144 112 151
112 160 112 167
112 192 112 199
112 208 112 215
113 0 113 7
113 64 113 71
113 80 113 87
113 112 113 119
113 128 113 135
113 176 113 183
113 184 113 191
113 200 113 207
113 232 113 239
114 16 114 23
114 24 114 31
114 32 114 39
114 56 114 63
114 64 114 71
114 72 114 79
114 120 114 127
114 136 114 143
114 168 114 175
115 0 115 7
115 24 115 31
115 32 115 39
115 40 115 47
115 48 115 55
115 64 115 71
115 96 115 103
115 104 115 111
115 128 115 135
115 144 115 151
115 152 115 159
115 216 115 223
116 8 116 15
116 40 116 47
116 56 116 63
116 72 116 79
116 80 116 87
116 96 116 103
116 112 116 119
116 120 116 127
116 128 116 135
116 192 116 199
117 8 117 15
117 40 117 47
117 80 117 87
117 96 117 103
117 104 117 111
117 152 117 159
117 184 117 191
117 192 117 199
118 16 118 23
118 48 118 55
118 72 118 79
118 120 118 127
118 128 118 135
118 136 118 143
118 144 118 151
118 152 118 159
118 168 118 175
118 216 118 223
118 224 118 231
118 240 118 247
119 8 119 15
119 48 119 55
119 120 119 127
119 136 119 143
119 184 119 191
119 208 119 215
120 8 120 15
120 88 120 95
120 176 120 183
120 200 120 207
120 224 120 231
120 232 120 239
121 88 121 95
121 104 121 111
121 112 121 119
121 120 121 127
121 208 121 215
122 16 122 23
122 80 122 87
122 88 122 95
122 136 122 143
122 184 122 191
122 240 122 247
123 8 123 15
123 16 123 23
123 64 123 71
123 104 123 111
123 112 123 119
123 168 123 175
123 184 123 191
123 200 123 207
123 208 123 215
124 0 124 7
124 64 124 71
124 112 124 119
124 120 124 127
124 136 124 143
124 152 124 159
124 200 124 207
125 80 125 87
125 120 125 127
125 152 125 159
125 192 125 199
126 96 126 103
126 104 126 111
126 208 126 215
126 240 126 247
127 16 127 23
127 24 127 31
127 64 127 71
127 136 127 143
127 168 127 175
127 184 127 191
127 200 127 207
127 208 127 215
127 216 127 223
127 232 127 239
128 0 128 7
128 8 128 15
128 16 128 23
128 24 128 31
128 32 128 39
128 80 128 87
128 88 128 95
128 104 128 111
128 128 128 135
128 136 128 143
128 144 128 151
128 152 128 159
128 168 128 175
128 176 128 183
128 184 128 191
128 192 128 199
129 24 129 31
129 48 129 55
129 56 129 63
129 88 129 95
129 104 129 111
129 160 129 167
129 208 129 215
130 32 130 39
130 56 130 63
130 88 130 95
130 184 130 191
130 240 130 247
131 32 131 39
131 40 131 47
131 96 131 103
131 136 131 143
131 152 131 159
131 160 131 167
131 192 131 199
131 200 131 207
131 216 131 223
132 8 132 15
132 24 132 31
132 32 132 39
132 56 132 63
132 64 132 71
132 80 132 87
132 96 132 103
132 104 132 111
132 144 132 151
132 200 132 207
132 208 132 215
132 224 132 231
133 8 133 15
133 16 133 23
133 64 133 71
133 104 133 111
133 128 133 135
133 144 133 151
133 168 133 175
133 176 133 183
133 184 133 191
133 208 133 215
133 216 133 223
133 240 133 247
134 32 134 39
134 40 134 47
134 64 134 71
134 72 134 79
134 112 134 119
134 120 134 127
134 152 134 159
134 176 134 183
134 216 134 223
135 0 135 7
135 48 135 55
135 72 135 79
135 104 135 111
135 144 135 151
135 152 135 159
135 160 135 167
135 208 135 215
135 216 135 223
136 24 136 31
136 56 136 63
136 72 136 79
136 80 136 87
136 112 136 119
136 128 136 135
136 144 136 151
136 184 136 191
136 208 136 215
136 216 136 223
137 0 137 7
137 40 137 47
137 48 137 55
137 128 137 135
137 144 137 151
137 192 137 199
137 200 137 207
137 216 137 223
137 224 137 231
137 232 137 239
138 128 138 135
138 136 138 143
138 216 138 223
139 32 139 39
139 48 139 55
139 56 139 63
139 80 139 87
139 104 139 111
139 144 139 151
139 160 139 167
139 168 139 175
139 176 139 183
139 208 139 215
140 24 140 31
140 88 140 95
140 120 140 127
140 128 140 135
140 136 140 143
140 168 140 175
140 176 140 183
140 184 140 191
140 208 140 215
140 240 140 247
141 0 141 7
141 24 141 31
141 56 141 63
141 88 141 95
141 96 141 103
141 104 141 111
141 120 141 127
141 168 141 175
141 176 141 183
141 184 141 191
142 8 142 15
142 24 142 31
142 32 142 39
142 112 142 119
142 120 142 127
142 128 142 135
142 168 142 175
142 224 142 231
143 0 143 7
143 40 143 47
143 48 143 55
143 88 143 95
143 112 143 119
143 120 143 127
143 136 143 143
143 144 143 151
143 152 143 159
143 176 143 183
143 184 143 191
144 8 144 15
144 56 144 63
144 120 144 127
144 144 144 151
144 160 144 167
145 32 145 39
145 48 145 55
145 136 145 143
145 144 145 151
145 208 145 215
145 232 145 239
146 0 146 7
146 16 146 23
146 24 146 31
146 80 146 87
146 128 146 135
146 184 146 191
146 192 146 199
146 240 146 247
147 0 147 7
147 56 147 63
147 64 147 71
147 112 147 119
147 120 147 127
147 168 147 175
147 232 147 239
148 16 148 23
148 40 148 47
148 56 148 63
148 104 148 111
148 136 148 143
148 152 148 159
148 208 148 215
148 216 148 223
148 224 148 231
149 8 149 15
149 24 149 31
149 96 149 103
149 112 149 119
149 144 149 151
149 160 149 167
149 224 149 231
150 8 150 15
150 40 150 47
150 48 150 55
150 96 150 103
150 104 150 111
150 128 150 135
150 192 150 199
150 208 150 215
150 216 150 223
150 224 150 231
151 8 151 15
151 48 151 55
151 64 151 71
151 72 151 79
151 112 151 119
151 128 151 135
151 144 151 151
151 200 151 207
151 224 151 231
151 232 151 239
152 16 152 23
152 56 152 63
152 64 152 71
152 72 152 79
152 88 152 95
152 112 152 119
152 144 152 151
152 240 152 247
153 16 153 23
153 24 153 31
153 40 153 47
153 48 153 55
153 64 153 71
153 96 153 103
153 104 153 111
153 160 153 167
153 192 153 199
153 200 153 207
153 224 153 231
154 40 154 47
154 112 154 119
154 128 154 135
154 152 154 159
154 160 154 167
154 208 154 215
154 232 154 239
155 32 155 39
155 200 155 207
155 216 155 223
155 224 155 231
156 40 156 47
156 48 156 55
156 96 156 103
156 112 156 119
156 176 156 183
156 184 156 191
156 192 156 199
157 16 157 23
157 32 157 39
157 80 157 87
157 144 157 151
157 152 157 159
157 160 157 167
157 168 157 175
157 216 157 223
157 224 157 231
158 24 158 31
158 40 158 47
158 48 158 55
158 96 158 103
158 104 158 111
158 144 158 151
158 168 158 175
158 192 158 199
158 216 158 223
158 240 158 247
159 16 159 23
159 64 159 71
159 80 159 87
159 88 159 95
159 104 159 111
159 128 159 135
159 160 159 167
160 8 160 15
160 56 160 63
160 64 160 71
160 104 160 111
160 144 160 151
160 160 160 167
160 200 160 207
160 240 160 247
161 8 161 15
161 16 161 23
161 136 161 143
161 168 161 175
161 208 161 215
161 232 161 239
162 0 162 7
162 8 162 15
162 16 162 23
162 24 162 31
162 32 162 39
162 48 162 55
162 96 162 103
162 144 162 151
162 176 162 183
163 0 163 7
163 8 163 15
163 32 163 39
163 160 163 167
163 208 163 215
163 224 163 231
163 232 163 239
164 8 164 15
164 48 164 55
164 88 164 95
164 96 164 103
164 104 164 111
164 112 164 119
164 144 164 151
164 152 164 159
164 160 164 167
164 192 164 199
164 224 164 231
164 232 164 239
165 16 165 23
165 24 165 31
165 40 165 47
165 56 165 63
165 64 165 71
165 168 165 175
165 200 165 207
165 208 165 215
166 8 166 15
166 16 166 23
166 56 166 63
166 88 166 95
166 128 166 135
166 152 166 159
166 224 166 231
167 24 167 31
167 56 167 63
167 64 167 71
167 72 167 79
167 88 167 95
167 104 167 111
167 136 167 143
167 144 167 151
167 152 167 159
167 160 167 167
167 168 167 175
167 200 167 207
167 240 167 247
168 16 168 23
168 40 168 47
168 80 168 87
168 88 168 95
168 112 168 119
168 152 168 159
168 224 168 231
168 232 168 239
169 0 169 7
169 16 169 23
169 24 169 31
169 40 169 47
169 56 169 63
169 72 169 79
169 120 169 127
169 128 169 135
169 144 169 151
170 48 170 55
170 56 170 63
170 64 170 71
170 104 170 111
170 112 170 119
170 128 170 135
170 152 170 159
171 0 171 7
171 16 171 23
171 64 171 71
171 72 171 79
171 120 171 127
171 144 171 151
171 168 171 175
171 184 171 191
171 192 171 199
171 216 171 223
171 232 171 239
171 240 171 247
172 16 172 23
172 72 172 79
172 96 172 103
172 104 172 111
172 112 172 119
172 120 172 127
172 128 172 135
172 184 172 191
172 192 172 199
172 216 172 223
173 24 173 31
173 40 173 47
173 48 173 55
173 64 173 71
173 72 173 79
173 88 173 95
173 128 173 135
173 240 173 247
174 48 174 55
174 56 174 63
174 64 174 71
174 72 174 79
174 128 174 135
174 168 174 175
174 176 174 183
175 8 175 15
175 24 175 31
175 40 175 47
175 56 175 63
175 64 175 71
175 80 175 87
175 96 175 103
175 104 175 111
175 112 175 119
175 120 175 127
175 136 175 143
175 152 175 159
175 168 175 175
175 208 175 215
175 216 175 223
176 16 176 23
176 32 176 39
176 64 176 71
176 80 176 87
176 96 176 103
176 120 176 127
176 152 176 159
176 216 176 223
177 0 177 7
177 40 177 47
177 88 177 95
177 96 177 103
177 200 177 207
177 208 177 215
178 16 178 23
178 32 178 39
178 40 178 47
178 48 178 55
178 72 178 79
178 88 178 95
178 120 178 127
178 216 178 223
178 224 178 231
179 0 179 7
179 16 179 23
179 48 179 55
179 64 179 71
179 112 179 119
179 168 179 175
179 176 179 183
179 200 179 207
179 216 179 223
179 232 179 239
180 8 180 15
180 16 180 23
180 32 180 39
180 64 180 71
180 96 180 103
180 112 180 119
180 144 180 151
180 160 180 167
180 216 180 223
180 240 180 247
181 8 181 15
181 32 181 39
181 48 181 55
181 64 181 71
181 72 181 79
181 80 181 87
181 96 181 103
181 104 181 111
181 112 181 119
181 120 181 127
181 144 181 151
181 200 181 207
181 232 181 239
181 240 181 247
182 72 182 79
182 80 182 87
182 104 182 111
182 112 182 119
182 136 182 143
182 176 182 183
182 184 182 191
182 240 182 247
183 16 183 23
183 24 183 31
183 96 183 103
183 112 183 119
183 152 183 159
183 168 183 175
183 192 183 199
183 200 183 207
183 208 183 215
183 216 183 223
183 232 183 239
183 240 183 247
184 56 184 63
184 88 184 95
184 104 184 111
184 152 184 159
184 168 184 175
184 216 184 223
184 232 184 239
185 40 185 47
185 88 185 95
185 104 185 111
185 128 185 135
185 192 185 199
185 240 185 247
186 8 186 15
186 72 186 79
186 112 186 119
186 120 186 127
186 128 186 135
186 144 186 151
186 168 186 175
186 176 186 183
186 192 186 199
186 232 186 239
186 240 186 247
187 8 187 15
187 32 187 39
187 120 187 127
187 128 187 135
187 136 187 143
187 200 187 207
188 8 188 15
188 24 188 31
188 40 188 47
188 48 188 55
188 64 188 71
188 96 188 103
188 192 188 199
188 240 188 247
189 16 189 23
189 24 189 31
189 32 189 39
189 48 189 55
189 64 189 71
189 152 189 159
189 168 189 175
189 224 189 231
189 232 189 239
190 16 190 23
190 40 190 47
190 48 190 55
190 136 190 143
190 152 190 159
190 176 190 183
190 192 190 199
190 200 190 207
191 24 191 31
191 40 191 47
191 88 191 95
191 96 191 103
191 120 191 127
191 160 191 167
191 200 191 207
192 0 192 7
192 16 192 23
192 32 192 39
192 56 192 63
192 144 192 151
192 224 192 231
192 232 192 239
193 24 193 31
193 72 193 79
193 96 193 103
193 200 193 207
193 216 193 223
193 232 193 239
193 240 193 247
194 0 194 7
194 8 194 15
194 16 194 23
194 24 194 31
194 72 194 79
194 88 194 95
194 208 194 215
195 8 195 15
195 24 195 31
195 48 195 55
195 56 195 63
195 64 195 71
195 104 195 111
195 112 195 119
195 144 195 151
195 200 195 207
196 24 196 31
196 32 196 39
196 48 196 55
196 64 196 71
196 112 196 119
196 200 196 207
196 232 196 239
197 136 197 143
197 192 197 199
197 216 197 223
197 224 197 231
197 240 197 247
198 8 198 15
198 88 198 95
198 104 198 111
198 152 198 159
198 184 198 191
198 192 198 199
198 208 198 215
198 240 198 247
199 8 199 15
199 24 199 31
199 48 199 55
199 88 199 95
199 160 199 167
199 176 199 183
199 200 199 207
16 248 19 249
20 248 23 249
32 248 35 249
40 248 43 249
56 248 59 249
60 248 63 249
68 248 71 249
72 248 75 249
92 248 95 249
100 248 103 249
112 248 115 249
120 248 123 249
132 248 135 249
160 248 163 249
164 248 167 249
168 248 171 249
172 248 175 249
180 248 183 249
196 248 199 249

